Name: Archontoulis_Poker              
Serial #:  2543 
Datum: WGS 84
Soil Compation In KPa
Longitude,Latitude,Number,0.0 cm,2.5 cm,5.0 cm,7.5 cm,10.0 cm,12.5 cm,15.0 cm,17.5 cm,20.0 cm,22.5 cm,25.0 cm,27.5 cm,30.0 cm,32.5 cm,35.0 cm,37.5 cm,40.0 cm,42.5 cm,45.0 cm,Cone Size
,,Logger Started
,,N= 1 , 448 , 414 , 380 , 448 , 448 , 586 , 759 , 0 , 0 , 0 , 0 , 0 , 0 , 0 , 0 , 0 , 0 , 0 , 0 ,1/2 Inch
,,Logger Started
,,Logger Started
,,N= 1 , 34 , 34 , 34 , 656 , 1070 , 1208 , 1242 , 1208 , 1000 , 1276 , 1760 , 1794 , 1552 , 1449 , 1518 , 1518 , 1449 , 0 , 0 ,1/2 Inch
,,Logger Started
,,Logger Started
,,N= 1 , 104 , 656 , 1828 , 1690 , 1242 , 1242 , 1104 , 966 , 1000 , 897 , 862 , 862 , 794 , 794 , 724 , 759 , 656 , 0 , 0 ,1/2 Inch
,,N= 2 , 656 , 1242 , 1587 , 1449 , 1346 , 1518 , 1587 , 1656 , 1587 , 1552 , 1518 , 1518 , 1311 , 1173 , 1242 , 1208 , 1104 , 0 , 0 ,1/2 Inch
,,N= 3 , 69 , 759 , 1794 , 1346 , 1138 , 1449 , 1484 , 1346 , 1311 , 1346 , 1242 , 1208 , 1070 , 1104 , 1242 , 1242 , 1173 , 0 , 0 ,1/2 Inch
,,N= 4 , 724 , 1311 , 1518 , 1311 , 1208 , 1070 , 932 , 1070 , 1104 , 966 , 897 , 828 , 862 , 932 , 966 , 794 , 759 , 0 , 0 ,1/2 Inch
,,N= 5 , 518 , 1760 , 2104 , 1828 , 1863 , 1898 , 1690 , 1518 , 1414 , 1104 , 897 , 1070 , 1070 , 1070 , 966 , 932 , 1311 , 0 , 0 ,1/2 Inch
,,N= 6 , 380 , 1518 , 2450 , 2104 , 1760 , 1828 , 1794 , 1690 , 1690 , 1484 , 1242 , 1208 , 1208 , 1173 , 1242 , 1242 , 1104 , 0 , 0 ,1/2 Inch
,,N= 7 , 656 , 1173 , 862 , 2242 , 2001 , 1622 , 1966 , 1794 , 1346 , 1208 , 1242 , 1173 , 1311 , 1173 , 1070 , 966 , 828 , 0 , 0 ,1/2 Inch
,,N= 8 , 310 , 380 , 310 , 586 , 656 , 828 , 794 , 759 , 794 , 932 , 862 , 759 , 932 , 932 , 1000 , 1173 , 1104 , 0 , 0 ,1/2 Inch
,,Logger Started
,,N= 1 , 34 , 310 , 862 , 1276 , 1242 , 1346 , 1346 , 1449 , 1346 , 1518 , 1414 , 1552 , 1449 , 1070 , 1000 , 897 , 828 , 0 , 0 ,1/2 Inch
,,N= 2 , 34 , 310 , 1173 , 1070 , 966 , 1276 , 1518 , 1449 , 1242 , 1242 , 966 , 1138 , 1138 , 1138 , 1138 , 966 , 794 , 0 , 0 ,1/2 Inch
,,N= 3 , 0 , 207 , 518 , 552 , 1794 , 2380 , 2104 , 2174 , 2208 , 2139 , 1966 , 1622 , 1518 , 1760 , 1208 , 1208 , 1208 , 0 , 0 ,1/2 Inch
,,N= 4 , 310 , 1552 , 2139 , 2346 , 2932 , 2588 , 2242 , 2277 , 2277 , 1863 , 1311 , 1070 , 932 , 932 , 828 , 828 , 828 , 0 , 0 ,1/2 Inch
,,N= 5 , 34 , 138 , 621 , 794 , 1932 , 1656 , 1587 , 1690 , 1794 , 1966 , 2001 , 1794 , 1587 , 1449 , 1518 , 1414 , 1173 , 0 , 0 ,1/2 Inch
,,N= 6 , 34 , 380 , 1414 , 1208 , 1449 , 1414 , 1690 , 1690 , 1760 , 1828 , 1898 , 1346 , 1138 , 1138 , 1000 , 932 , 862 , 0 , 0 ,1/2 Inch
,,N= 7 , 448 , 932 , 897 , 1000 , 1070 , 2208 , 621 , 2242 , 2139 , 2036 , 1898 , 1484 , 1760 , 1966 , 1863 , 1828 , 1656 , 0 , 0 ,1/2 Inch
,,N= 8 , 138 , 621 , 1242 , 1346 , 1242 , 1242 , 1311 , 1656 , 1760 , 1587 , 1587 , 1622 , 1656 , 1311 , 1173 , 1104 , 1000 , 0 , 0 ,1/2 Inch
,,Logger Started
,,N= 1 , 104 , 380 , 380 , 656 , 518 , 586 , 759 , 621 , 552 , 448 , 794 , 1311 , 1484 , 1898 , 2691 , 2139 , 2001 , 0 , 0 ,1/2 Inch
,,N= 2 , 0 , 34 , 483 , 483 , 483 , 483 , 483 , 276 , 724 , 1000 , 1104 , 1173 , 1104 , 1070 , 1138 , 1138 , 1242 , 0 , 0 ,1/2 Inch
,,N= 3 , 0 , 104 , 310 , 518 , 759 , 586 , 518 , 483 , 483 , 483 , 621 , 1070 , 1000 , 1208 , 1000 , 862 , 794 , 0 , 0 ,1/2 Inch
,,N= 4 , 380 , 518 , 1311 , 1552 , 1484 , 1242 , 1242 , 1070 , 897 , 932 , 1104 , 1276 , 1794 , 1828 , 2001 , 1898 , 1828 , 0 , 0 ,1/2 Inch
,,N= 5 , 34 , 242 , 794 , 1276 , 1104 , 1276 , 1173 , 1070 , 1070 , 1000 , 897 , 966 , 862 , 1138 , 1173 , 1104 , 1104 , 0 , 0 ,1/2 Inch
,,N= 6 , 104 , 483 , 862 , 1000 , 932 , 932 , 1070 , 1070 , 862 , 621 , 483 , 414 , 621 , 1311 , 1276 , 1276 , 1276 , 0 , 0 ,1/2 Inch
,,N= 7 , 138 , 414 , 656 , 656 , 724 , 621 , 656 , 897 , 724 , 518 , 518 , 828 , 794 , 897 , 932 , 966 , 1070 , 0 , 0 ,1/2 Inch
,,N= 8 , 0 , 138 , 621 , 656 , 724 , 1138 , 1208 , 1242 , 1104 , 828 , 862 , 862 , 1242 , 1242 , 1242 , 1173 , 1484 , 0 , 0 ,1/2 Inch
,,Logger Started
,,N= 1 , 172 , 276 , 380 , 966 , 897 , 828 , 828 , 724 , 724 , 1173 , 1208 , 1242 , 1242 , 1208 , 1276 , 1449 , 1518 , 0 , 0 ,1/2 Inch
,,N= 2 , 34 , 207 , 518 , 552 , 414 , 276 , 448 , 586 , 552 , 621 , 897 , 1000 , 1000 , 1000 , 966 , 932 , 932 , 0 , 0 ,1/2 Inch
,,N= 3 , 380 , 552 , 862 , 966 , 1000 , 932 , 862 , 966 , 862 , 1138 , 1173 , 1104 , 1104 , 1000 , 1070 , 1138 , 1208 , 0 , 0 ,1/2 Inch
,,N= 4 , 0 , 310 , 966 , 1104 , 966 , 897 , 897 , 828 , 724 , 932 , 897 , 1138 , 1414 , 1414 , 1346 , 1242 , 1346 , 0 , 0 ,1/2 Inch
,,N= 5 , 34 , 34 , 1518 , 1656 , 1518 , 1484 , 1622 , 1587 , 1518 , 1070 , 828 , 794 , 1138 , 1208 , 1346 , 1242 , 1104 , 0 , 0 ,1/2 Inch
,,N= 6 , 69 , 207 , 1276 , 1311 , 1276 , 1346 , 1242 , 966 , 932 , 828 , 724 , 724 , 794 , 1208 , 1208 , 1070 , 1000 , 0 , 0 ,1/2 Inch
,,N= 7 , 34 , 483 , 586 , 862 , 966 , 897 , 897 , 724 , 897 , 621 , 759 , 862 , 897 , 828 , 828 , 862 , 794 , 0 , 0 ,1/2 Inch
,,N= 8 , 0 , 0 , 656 , 1104 , 966 , 932 , 932 , 932 , 897 , 966 , 897 , 1138 , 1070 , 1104 , 966 , 1276 , 1242 , 0 , 0 ,1/2 Inch
,,Logger Started
,,N= 1 , 172 , 621 , 1173 , 1587 , 1966 , 1863 , 1898 , 1966 , 1828 , 1760 , 1518 , 1414 , 1311 , 1138 , 1276 , 1242 , 1242 , 0 , 0 ,1/2 Inch
,,N= 2 , 34 , 552 , 1173 , 1518 , 1656 , 1518 , 1760 , 1863 , 1828 , 1760 , 1760 , 1484 , 1449 , 1208 , 1138 , 1138 , 1138 , 0 , 0 ,1/2 Inch
,,N= 3 , 276 , 1242 , 1863 , 1828 , 1690 , 1690 , 1690 , 2139 , 2036 , 1898 , 1828 , 1518 , 1587 , 1414 , 1484 , 1518 , 1449 , 0 , 0 ,1/2 Inch
,,N= 4 , 104 , 104 , 1656 , 2036 , 1518 , 1414 , 1346 , 1414 , 1414 , 1346 , 1242 , 1138 , 1346 , 1173 , 1000 , 1104 , 1070 , 0 , 0 ,1/2 Inch
,,N= 5 , 276 , 794 , 1552 , 1552 , 1518 , 1414 , 1518 , 1552 , 1656 , 1622 , 1414 , 1311 , 1346 , 1311 , 1346 , 1276 , 1173 , 0 , 0 ,1/2 Inch
,,N= 6 , 310 , 897 , 1690 , 1690 , 1794 , 1760 , 1760 , 1898 , 1966 , 1966 , 1828 , 1587 , 1552 , 1346 , 1070 , 1414 , 1346 , 0 , 0 ,1/2 Inch
,,N= 7 , 621 , 932 , 932 , 1070 , 1346 , 1346 , 1587 , 1449 , 1311 , 1276 , 1173 , 1104 , 1070 , 1000 , 966 , 966 , 897 , 0 , 0 ,1/2 Inch
,,N= 8 , 0 , 518 , 1173 , 1208 , 1414 , 1518 , 1690 , 1898 , 1932 , 1794 , 1932 , 1898 , 1828 , 1828 , 1828 , 1828 , 1828 , 0 , 0 ,1/2 Inch
,,Logger Started
,,N= 1 , 414 , 794 , 1276 , 1346 , 1518 , 1000 , 1000 , 932 , 794 , 932 , 1173 , 1138 , 966 , 759 , 656 , 794 , 897 , 0 , 0 ,1/2 Inch
,,N= 2 , 621 , 1070 , 1828 , 2139 , 2036 , 1966 , 1587 , 1760 , 1760 , 1587 , 1622 , 1760 , 1690 , 1828 , 1898 , 1656 , 1690 , 0 , 0 ,1/2 Inch
,,N= 3 , 0 , 759 , 1484 , 1690 , 1311 , 1276 , 1414 , 1414 , 1138 , 1070 , 1000 , 966 , 862 , 828 , 759 , 724 , 794 , 0 , 0 ,1/2 Inch
,,N= 4 , 276 , 483 , 1828 , 1760 , 1311 , 1311 , 1242 , 1000 , 1138 , 1208 , 1242 , 1242 , 1311 , 1414 , 1346 , 1138 , 862 , 0 , 0 ,1/2 Inch
,,N= 5 , 552 , 1208 , 1242 , 1104 , 1000 , 1173 , 1242 , 1138 , 1000 , 1138 , 1208 , 1276 , 1208 , 1346 , 1311 , 1449 , 1484 , 0 , 0 ,1/2 Inch
,,N= 6 , 414 , 586 , 2277 , 2484 , 2001 , 2346 , 2208 , 2208 , 2139 , 1690 , 1552 , 1518 , 1414 , 1346 , 1346 , 1208 , 1138 , 0 , 0 ,1/2 Inch
,,N= 7 , 759 , 1828 , 2484 , 3208 , 2864 , 2518 , 2242 , 2242 , 2174 , 1898 , 1690 , 1794 , 1760 , 1518 , 1690 , 1760 , 1828 , 0 , 0 ,1/2 Inch
,,N= 8 , 104 , 552 , 1104 , 1242 , 1484 , 1690 , 1863 , 1863 , 1898 , 1690 , 1414 , 1346 , 1414 , 1656 , 1690 , 1656 , 1552 , 0 , 0 ,1/2 Inch
,,Logger Started
,,N= 1 , 0 , 138 , 380 , 724 , 794 , 828 , 932 , 828 , 794 , 932 , 794 , 794 , 1414 , 1690 , 2174 , 2346 , 2380 , 0 , 0 ,1/2 Inch
,,N= 2 , 207 , 483 , 656 , 759 , 621 , 518 , 518 , 518 , 380 , 276 , 310 , 656 , 794 , 794 , 759 , 759 , 724 , 0 , 0 ,1/2 Inch
,,N= 3 , 172 , 518 , 1104 , 1276 , 1070 , 862 , 828 , 759 , 656 , 586 , 897 , 862 , 897 , 897 , 862 , 862 , 862 , 0 , 0 ,1/2 Inch
,,N= 4 , 483 , 1208 , 1414 , 1346 , 1242 , 1173 , 1000 , 1000 , 862 , 966 , 932 , 1173 , 1311 , 1311 , 1346 , 1346 , 1242 , 0 , 0 ,1/2 Inch
,,N= 5 , 310 , 586 , 966 , 966 , 1311 , 1104 , 932 , 966 , 794 , 794 , 794 , 794 , 897 , 1070 , 1104 , 1070 , 966 , 0 , 0 ,1/2 Inch
,,N= 6 , 0 , 34 , 552 , 897 , 1208 , 1000 , 828 , 1000 , 1104 , 932 , 1276 , 1276 , 1242 , 1173 , 1000 , 1000 , 1000 , 0 , 0 ,1/2 Inch
,,N= 7 , 34 , 483 , 862 , 897 , 862 , 828 , 932 , 1104 , 1276 , 1242 , 1104 , 1173 , 1208 , 1104 , 1242 , 1346 , 1414 , 0 , 0 ,1/2 Inch
,,N= 8 , 172 , 621 , 621 , 1000 , 1104 , 1242 , 1070 , 1000 , 932 , 966 , 932 , 1208 , 1242 , 1208 , 1242 , 1173 , 1242 , 0 , 0 ,1/2 Inch
,,Logger Started
,,N= 1 , 172 , 172 , 656 , 794 , 724 , 759 , 862 , 1070 , 932 , 862 , 1518 , 1828 , 1760 , 1760 , 1622 , 1656 , 1449 , 0 , 0 ,1/2 Inch
,,N= 2 , 138 , 242 , 448 , 586 , 483 , 448 , 483 , 483 , 518 , 483 , 621 , 724 , 794 , 794 , 759 , 828 , 862 , 0 , 0 ,1/2 Inch
,,N= 3 , 69 , 448 , 518 , 1414 , 1208 , 1276 , 1104 , 1173 , 1138 , 828 , 932 , 1276 , 1138 , 1276 , 1070 , 1070 , 966 , 0 , 0 ,1/2 Inch
,,N= 4 , 138 , 794 , 1587 , 1449 , 1414 , 1276 , 1208 , 862 , 862 , 828 , 828 , 794 , 897 , 794 , 932 , 932 , 759 , 0 , 0 ,1/2 Inch
,,N= 5 , 172 , 759 , 1208 , 1173 , 1414 , 1449 , 1414 , 1622 , 1587 , 1690 , 1587 , 1587 , 1552 , 1587 , 1311 , 1242 , 1242 , 0 , 0 ,1/2 Inch
,,N= 6 , 242 , 276 , 1070 , 1173 , 1138 , 1070 , 966 , 828 , 724 , 759 , 759 , 897 , 1173 , 1208 , 1484 , 1552 , 1794 , 0 , 0 ,1/2 Inch
,,N= 7 , 207 , 448 , 414 , 621 , 828 , 724 , 621 , 586 , 518 , 518 , 518 , 828 , 897 , 932 , 932 , 932 , 932 , 0 , 0 ,1/2 Inch
,,N= 8 , 621 , 621 , 552 , 932 , 1173 , 932 , 1104 , 1000 , 1000 , 1276 , 1622 , 1622 , 1552 , 1794 , 1828 , 1932 , 1863 , 0 , 0 ,1/2 Inch
