253
1
13
12
11
13
13
17
22
0
0
0
0
0
0
0
0
0
0
0
0
83
101
253
253
1
1
1
1
19
31
35
36
35
29
37
51
52
45
42
44
44
42
0
0
83
101
253
253
1
3
19
53
49
36
36
32
28
29
26
25
25
23
23
21
22
19
0
0
83
101
2
19
36
46
42
39
44
46
48
46
45
44
44
38
34
36
35
32
0
0
83
101
3
2
22
52
39
33
42
43
39
38
39
36
35
31
32
36
36
34
0
0
83
101
4
21
38
44
38
35
31
27
31
32
28
26
24
25
27
28
23
22
0
0
83
101
5
15
51
61
53
54
55
49
44
41
32
26
31
31
31
28
27
38
0
0
83
101
6
11
44
71
61
51
53
52
49
49
43
36
35
35
34
36
36
32
0
0
83
101
7
19
34
25
65
58
47
57
52
39
35
36
34
38
34
31
28
24
0
0
83
101
8
9
11
9
17
19
24
23
22
23
27
25
22
27
27
29
34
32
0
0
83
101
253
1
1
9
25
37
36
39
39
42
39
44
41
45
42
31
29
26
24
0
0
83
101
2
1
9
34
31
28
37
44
42
36
36
28
33
33
33
33
28
23
0
0
83
101
3
0
6
15
16
52
69
61
63
64
62
57
47
44
51
35
35
35
0
0
83
101
4
9
45
62
68
85
75
65
66
66
54
38
31
27
27
24
24
24
0
0
83
101
5
1
4
18
23
56
48
46
49
52
57
58
52
46
42
44
41
34
0
0
83
101
6
1
11
41
35
42
41
49
49
51
53
55
39
33
33
29
27
25
0
0
83
101
7
13
27
26
29
31
64
18
65
62
59
55
43
51
57
54
53
48
0
0
83
101
8
4
18
36
39
36
36
38
48
51
46
46
47
48
38
34
32
29
0
0
83
101
253
1
3
11
11
19
15
17
22
18
16
13
23
38
43
55
78
62
58
0
0
83
101
2
0
1
14
14
14
14
14
8
21
29
32
34
32
31
33
33
36
0
0
83
101
3
0
3
9
15
22
17
15
14
14
14
18
31
29
35
29
25
23
0
0
83
101
4
11
15
38
45
43
36
36
31
26
27
32
37
52
53
58
55
53
0
0
83
101
5
1
7
23
37
32
37
34
31
31
29
26
28
25
33
34
32
32
0
0
83
101
6
3
14
25
29
27
27
31
31
25
18
14
12
18
38
37
37
37
0
0
83
101
7
4
12
19
19
21
18
19
26
21
15
15
24
23
26
27
28
31
0
0
83
101
8
0
4
18
19
21
33
35
36
32
24
25
25
36
36
36
34
43
0
0
83
101
253
1
5
8
11
28
26
24
24
21
21
34
35
36
36
35
37
42
44
0
0
83
101
2
1
6
15
16
12
8
13
17
16
18
26
29
29
29
28
27
27
0
0
83
101
3
11
16
25
28
29
27
25
28
25
33
34
32
32
29
31
33
35
0
0
83
101
4
0
9
28
32
28
26
26
24
21
27
26
33
41
41
39
36
39
0
0
83
101
5
1
1
44
48
44
43
47
46
44
31
24
23
33
35
39
36
32
0
0
83
101
6
2
6
37
38
37
39
36
28
27
24
21
21
23
35
35
31
29
0
0
83
101
7
1
14
17
25
28
26
26
21
26
18
22
25
26
24
24
25
23
0
0
83
101
8
0
0
19
32
28
27
27
27
26
28
26
33
31
32
28
37
36
0
0
83
101
253
1
5
18
34
46
57
54
55
57
53
51
44
41
38
33
37
36
36
0
0
83
101
2
1
16
34
44
48
44
51
54
53
51
51
43
42
35
33
33
33
0
0
83
101
3
8
36
54
53
49
49
49
62
59
55
53
44
46
41
43
44
42
0
0
83
101
4
3
3
48
59
44
41
39
41
41
39
36
33
39
34
29
32
31
0
0
83
101
5
8
23
45
45
44
41
44
45
48
47
41
38
39
38
39
37
34
0
0
83
101
6
9
26
49
49
52
51
51
55
57
57
53
46
45
39
31
41
39
0
0
83
101
7
18
27
27
31
39
39
46
42
38
37
34
32
31
29
28
28
26
0
0
83
101
8
0
15
34
35
41
44
49
55
56
52
56
55
53
53
53
53
53
0
0
83
101
253
1
12
23
37
39
44
29
29
27
23
27
34
33
28
22
19
23
26
0
0
83
101
2
18
31
53
62
59
57
46
51
51
46
47
51
49
53
55
48
49
0
0
83
101
3
0
22
43
49
38
37
41
41
33
31
29
28
25
24
22
21
23
0
0
83
101
4
8
14
53
51
38
38
36
29
33
35
36
36
38
41
39
33
25
0
0
83
101
5
16
35
36
32
29
34
36
33
29
33
35
37
35
39
38
42
43
0
0
83
101
6
12
17
66
72
58
68
64
64
62
49
45
44
41
39
39
35
33
0
0
83
101
7
22
53
72
93
83
73
65
65
63
55
49
52
51
44
49
51
53
0
0
83
101
8
3
16
32
36
43
49
54
54
55
49
41
39
41
48
49
48
45
0
0
83
101
253
1
0
4
11
21
23
24
27
24
23
27
23
23
41
49
63
68
69
0
0
83
101
2
6
14
19
22
18
15
15
15
11
8
9
19
23
23
22
22
21
0
0
83
101
3
5
15
32
37
31
25
24
22
19
17
26
25
26
26
25
25
25
0
0
83
101
4
14
35
41
39
36
34
29
29
25
28
27
34
38
38
39
39
36
0
0
83
101
5
9
17
28
28
38
32
27
28
23
23
23
23
26
31
32
31
28
0
0
83
101
6
0
1
16
26
35
29
24
29
32
27
37
37
36
34
29
29
29
0
0
83
101
7
1
14
25
26
25
24
27
32
37
36
32
34
35
32
36
39
41
0
0
83
101
8
5
18
18
29
32
36
31
29
27
28
27
35
36
35
36
34
36
0
0
83
101
253
1
5
5
19
23
21
22
25
31
27
25
44
53
51
51
47
48
42
0
0
83
101
2
4
7
13
17
14
13
14
14
15
14
18
21
23
23
22
24
25
0
0
83
101
3
2
13
15
41
35
37
32
34
33
24
27
37
33
37
31
31
28
0
0
83
101
4
4
23
46
42
41
37
35
25
25
24
24
23
26
23
27
27
22
0
0
83
101
5
5
22
35
34
41
42
41
47
46
49
46
46
45
46
38
36
36
0
0
83
101
6
7
8
31
34
33
31
28
24
21
22
22
26
34
35
43
45
52
0
0
83
101
7
6
13
12
18
24
21
18
17
15
15
15
24
26
27
27
27
27
0
0
83
101
8
18
18
16
27
34
27
32
29
29
37
47
47
45
52
53
56
54
0
0
83
101
